# oST version 5.0 parameters


[image]

width
1920

height
1080

[usb_cam]

camera matrix
1159.093875 0.000000 964.500104
0.000000 1154.704392 562.202634
0.000000 0.000000 1.000000

distortion
0.061914 -0.117896 0.003639 -0.001450 0.000000

rectification
1.000000 0.000000 0.000000
0.000000 1.000000 0.000000
0.000000 0.000000 1.000000

projection
1073.190430 0.000000 959.559468 0.000000
0.000000 1079.336182 574.021059 0.000000
0.000000 0.000000 1.000000 0.000000

